423 3 0
213 68 1
185 98 1
142 130 1
181 136 1
109 170 1
144 168 1
193 190 1
309 128 1
373 124 1
406 90 1
376 69 1
94 225 1
126 233 1
169 248 1
170 300 1
196 306 1
74 316 1
70 345 1
101 381 1
188 386 1
178 352 1
208 360 1
241 401 1
221 440 1
113 420 1
104 460 1
54 445 1
25 490 1
20 454 1
20 414 1
41 336 1
38 316 1
462 230 1
162 441 1
161 401 1
4 318 1
8 352 1
230 188 1
257 156 1
337 441 1
309 452 1
277 425 1
12 522 1
96 552 1
58 560 1
166 520 1
154 596 1
202 561 1
234 576 1
268 508 1
268 538 1
285 552 1
294 528 1
317 521 1
145 565 1
229 604 1
276 589 1
197 605 1
60 666 1
28 657 1
25 690 1
4 654 1
192 649 1
185 672 1
274 636 1
225 690 1
122 661 1
56 478 1
464 457 1
414 465 1
613 241 1
602 205 1
573 217 1
630 164 1
641 280 1
649 254 1
620 278 1
574 305 1
609 309 1
630 300 1
646 313 1
560 250 1
814 74 1
836 74 1
876 162 1
868 128 1
922 158 1
845 5 1
220 453 1
242 658 1
242 625 1
214 617 1
156 620 1
254 688 1
248 712 1
216 737 1
189 745 1
149 758 1
108 705 1
62 716 1
57 689 1
13 730 1
56 753 1
130 778 1
70 785 1
40 813 1
54 825 1
36 832 1
536 509 1
502 469 1
502 424 1
610 512 1
540 537 1
432 734 1
458 725 1
384 760 1
268 760 1
284 794 1
330 777 1
156 784 1
146 810 1
184 789 1
252 781 1
236 801 1
193 822 1
208 837 1
216 862 1
253 858 1
285 833 1
308 850 1
284 876 1
313 904 1
118 822 1
325 880 1
228 904 1
261 942 1
518 984 1
376 898 1
360 869 1
358 792 1
185 695 1
886 140 1
1016 109 1
1017 70 1
984 142 1
866 229 1
836 350 1
844 317 1
825 285 1
864 273 1
844 253 1
882 294 1
888 248 1
789 410 1
725 350 1
709 389 1
698 412 1
725 426 1
720 466 1
662 488 1
690 440 1
373 972 1
376 929 1
393 925 1
421 953 1
392 997 1
402 970 1
374 996 1
369 1018 1
417 989 1
217 1043 1
393 1093 1
444 1117 1
486 1131 1
438 1077 1
460 1029 1
542 996 1
558 1012 1
550 1052 1
589 1060 1
614 1061 1
654 997 1
648 975 1
649 953 1
625 960 1
596 979 1
656 931 1
673 919 1
680 939 1
680 964 1
744 1047 1
757 1035 1
773 1053 1
761 1076 1
700 1101 1
661 1071 1
656 1041 1
634 1095 1
612 1107 1
610 1132 1
573 1143 1
542 1133 1
606 1184 1
725 1189 1
738 1153 1
712 1128 1
682 1140 1
734 1108 1
744 1129 1
830 1076 1
826 1119 1
869 1165 1
882 1157 1
881 1135 1
881 1115 1
912 1081 1
729 775 1
716 743 1
762 756 1
789 747 1
798 716 1
812 688 1
834 708 1
850 673 1
826 657 1
800 659 1
794 1065 1
790 1115 1
989 1071 1
980 1043 1
945 1033 1
970 1009 1
972 971 1
992 972 1
1013 1045 1
1034 1032 1
1049 1075 1
1036 1095 1
1061 1141 1
1037 1160 1
1069 1055 1
1070 1025 1
1113 1037 1
1108 1007 1
1130 995 1
1118 1080 1
1090 1141 1
1118 1148 1
1141 1088 1
1058 1195 1
1118 1192 1
946 961 1
889 936 1
886 912 1
876 887 1
913 912 1
940 925 1
997 944 1
1009 919 1
1109 908 1
1121 925 1
1145 932 1
1132 887 1
1118 864 1
1161 869 1
1185 883 1
1060 895 1
1085 871 1
1046 865 1
889 825 1
857 839 1
830 817 1
786 796 1
810 807 1
810 773 1
852 624 1
934 847 1
869 655 1
884 613 1
906 611 1
916 585 1
940 595 1
988 592 1
1037 595 1
1062 580 1
1105 557 1
1122 583 1
1173 832 1
1110 836 1
1177 799 1
1169 757 1
1178 717 1
1146 704 1
1146 767 1
1142 723 1
1173 695 1
1144 553 1
1070 508 1
982 544 1
852 591 1
868 517 1
853 501 1
890 504 1
806 436 1
818 408 1
808 393 1
840 401 1
852 419 1
872 357 1
854 332 1
936 475 1
945 451 1
957 424 1
937 424 1
1010 427 1
1048 443 1
1025 477 1
1164 477 1
1118 469 1
1144 495 1
1098 508 1
1136 393 1
1150 435 1
1129 417 1
1181 445 1
1197 408 1
1196 520 1
1193 552 1
889 396 1
318 725 1
390 1066 1
341 1066 1
478 1105 1
472 1061 1
521 1024 1
500 1032 1
680 530 1
692 508 1
718 505 1
717 545 1
829 561 1
408 441 3
80 586 3
40 640 3
9 620 3
148 664 3
185 632 3
174 652 3
118 545 3
122 518 3
90 332 3
169 328 3
169 205 3
665 109 3
674 248 3
693 278 3
745 98 3
877 45 3
130 444 3
278 690 3
185 582 3
170 566 3
108 748 3
89 730 3
218 980 3
652 904 3
482 1004 3
964 165 3
974 117 3
1018 134 3
909 244 3
930 202 3
633 525 3
633 497 3
204 782 3
210 808 3
160 834 3
192 853 3
246 924 3
196 722 3
325 936 3
344 873 3
508 1096 3
866 1073 3
870 1049 3
885 1056 3
916 1031 3
890 996 3
673 1193 3
926 984 3
964 1068 3
1098 635 3
1098 619 3
1125 617 3
1156 685 3
1158 661 3
1174 651 3
1172 607 3
1189 576 3
1122 528 3
1122 495 3
1016 557 3
1106 435 3
1177 348 3
1178 368 3
1192 491 3
1082 415 3
1088 461 3
1042 464 3
1189 748 3
1196 775 3
953 989 3
409 738 3
354 849 3
304 690 3
518 1080 3
586 1025 3
1084 902 3
1110 393 3
238 524 3
240 488 3
476 365 3
176 814 3
