419 3 0
4 92 1
28 112 1
72 151 1
137 118 1
100 173 1
125 155 1
163 138 1
190 150 1
264 137 1
62 201 1
91 215 1
189 242 1
18 331 1
24 359 1
98 391 1
74 369 1
263 138 1
344 196 1
380 154 1
361 104 1
449 10 1
510 28 1
583 71 1
77 448 1
15 463 1
65 472 1
53 519 1
83 532 1
28 548 1
96 569 1
103 591 1
182 513 1
183 548 1
162 446 1
221 435 1
286 362 1
323 271 1
228 205 1
330 302 1
317 448 1
352 467 1
384 475 1
452 422 1
427 444 1
483 393 1
503 491 1
504 465 1
475 487 1
450 526 1
472 544 1
345 527 1
258 531 1
220 506 1
325 584 1
272 558 1
344 559 1
442 589 1
426 564 1
400 583 1
544 488 1
586 457 1
594 378 1
284 202 1
498 413 1
529 458 1
548 453 1
556 589 1
593 523 1
66 599 1
91 623 1
76 652 1
138 658 1
214 687 1
183 659 1
162 707 1
101 727 1
42 681 1
185 756 1
208 790 1
213 847 1
164 851 1
51 841 1
36 869 1
43 931 1
79 964 1
37 965 1
60 948 1
112 956 1
375 666 1
321 714 1
396 783 1
310 860 1
317 893 1
273 912 1
246 907 1
211 881 1
306 939 1
331 962 1
234 996 1
257 989 1
316 999 1
477 845 1
499 828 1
580 912 1
511 1004 1
465 963 1
364 1003 1
337 920 1
279 813 1
247 816 1
470 676 1
477 755 1
468 724 1
513 661 1
490 650 1
459 645 1
408 633 1
439 618 1
466 616 1
579 1016 1
601 1007 1
760 841 1
695 845 1
588 854 1
628 842 1
696 917 1
680 972 1
655 1017 1
783 853 1
677 701 1
702 683 1
703 655 1
656 667 1
607 693 1
659 604 1
1041 1125 1
1055 1186 1
1005 1181 1
1029 983 1
1045 904 1
960 921 1
1005 863 1
981 910 1
989 887 1
972 801 1
931 759 1
923 707 1
954 704 1
906 695 1
833 633 1
867 626 1
812 664 1
775 810 1
779 782 1
801 808 1
840 894 1
808 893 1
780 893 1
1060 1027 1
1085 1011 1
1051 651 1
1063 626 1
1090 666 1
1030 666 1
1032 721 1
1054 734 1
1067 707 1
694 846 1
957 1006 1
1006 630 1
1072 1148 1
1091 1165 1
1134 1108 1
1120 1048 1
1129 1020 1
1112 1070 1
1176 1039 1
1129 967 1
1107 957 1
1129 641 1
1182 605 1
712 603 1
709 584 1
726 544 1
638 548 1
605 576 1
772 512 1
752 448 1
649 458 1
685 443 1
662 422 1
701 386 1
734 385 1
725 407 1
761 396 1
792 398 1
812 457 1
847 402 1
862 337 1
847 296 1
1073 498 1
1137 524 1
1129 473 1
1134 364 1
1146 400 1
815 279 1
1164 523 1
1190 488 1
1160 241 1
606 55 1
671 78 1
692 352 1
656 360 1
646 384 1
751 239 1
777 97 1
770 57 1
865 36 1
991 14 1
1020 29 1
762 349 1
901 34 1
1161 24 1
931 24 1
1190 55 1
1044 86 1
1095 31 1
1121 56 1
770 222 1
842 386 1
870 370 1
114 641 1
82 701 1
786 553 1
826 561 1
1174 545 1
637 509 1
604 481 1
341 689 1
173 777 1
1128 497 1
263 230 3
281 330 3
268 300 3
327 329 3
389 402 3
429 337 3
423 320 3
440 298 3
402 223 3
372 207 3
329 109 3
352 132 3
110 102 3
57 102 3
15 512 3
54 493 3
283 516 3
346 353 3
512 380 3
477 72 3
379 84 3
410 105 3
177 167 3
181 205 3
163 231 3
137 203 3
104 238 3
84 260 3
39 289 3
5 306 3
7 246 3
352 800 3
367 849 3
403 849 3
450 892 3
452 924 3
538 902 3
256 655 3
328 657 3
306 674 3
354 774 3
365 724 3
387 749 3
28 802 3
34 757 3
130 788 3
250 851 3
303 831 3
411 934 3
393 992 3
424 992 3
404 1039 3
463 1010 3
438 969 3
500 986 3
446 1085 3
335 944 3
232 950 3
212 937 3
287 967 3
469 1035 3
531 1035 3
531 1166 3
550 1174 3
460 1171 3
484 1189 3
267 1147 3
290 1112 3
14 1096 3
431 816 3
428 795 3
501 767 3
517 792 3
531 769 3
500 710 3
554 725 3
342 628 3
384 638 3
572 625 3
591 641 3
537 855 3
623 1146 3
571 1059 3
690 1007 3
962 1124 3
991 1015 3
1065 972 3
966 639 3
988 697 3
994 671 3
671 749 3
643 760 3
769 729 3
753 699 3
1020 1088 3
719 1103 3
667 1094 3
695 1120 3
625 677 3
1163 1067 3
1009 822 3
983 836 3
1005 1136 3
1087 1045 3
1156 624 3
1187 629 3
740 427 3
771 426 3
986 276 3
999 261 3
1197 516 3
1169 181 3
1150 191 3
1128 145 3
1143 130 3
1023 755 3
1012 786 3
1104 532 3
1192 404 3
655 23 3
809 231 3
750 80 3
744 358 3
738 337 3
1035 851 3
1108 161 3
1135 100 3
1163 59 3
1184 86 3
690 96 3
746 17 3
1105 98 3
866 316 3
877 420 3
817 410 3
400 506 3
416 541 3
377 526 3
116 420 3
408 250 3
356 273 3
376 292 3
661 946 3
741 921 3
838 670 3
489 926 3
501 908 3
252 1029 3
284 1013 3
158 953 3
181 882 3
113 874 3
124 842 3
841 585 3
758 544 3
693 520 3
566 550 3
410 382 3
445 364 3
13 876 3
13 921 3
596 89 3
725 65 3
816 36 3
796 40 3
773 20 3
577 421 3
538 429 3
548 929 3
729 844 3
725 106 3
624 370 3
622 400 3
933 948 3
949 976 3
180 913 3
126 902 3
100 898 3
