292 3 0
1138 1143 1
1078 1103 1
1085 1146 1
1012 1075 1
1028 983 1
989 996 1
997 974 1
986 956 1
913 1003 1
910 1088 1
865 1174 1
1025 863 1
734 1168 1
721 1110 1
710 1132 1
632 1170 1
614 1127 1
649 1139 1
644 1110 1
577 1108 1
556 1103 1
686 1108 1
682 1174 1
702 1067 1
724 1032 1
734 1047 1
724 1090 1
785 1019 1
742 999 1
718 1007 1
484 1062 1
781 922 1
697 920 1
781 894 1
664 923 1
670 947 1
706 959 1
460 1018 1
378 1112 1
326 1168 1
342 1191 1
260 1187 1
308 1092 1
352 1082 1
322 1122 1
360 1054 1
373 1016 1
429 967 1
581 880 1
513 924 1
548 972 1
518 884 1
810 768 1
858 804 1
797 818 1
836 743 1
1016 714 1
1102 655 1
1053 646 1
1033 628 1
989 652 1
900 631 1
913 556 1
1164 594 1
1141 583 1
1085 584 1
1096 632 1
1140 558 1
1124 515 1
1145 487 1
941 512 1
984 502 1
938 479 1
832 428 1
869 324 1
150 1134 1
112 1038 1
65 1075 1
69 991 1
126 975 1
109 896 1
48 888 1
38 947 1
60 850 1
53 868 1
257 908 1
22 1059 1
241 948 1
262 934 1
354 916 1
318 846 1
385 819 1
352 787 1
353 855 1
377 890 1
389 871 1
34 700 1
9 680 1
78 642 1
26 655 1
85 614 1
48 616 1
632 786 1
229 930 1
436 876 1
98 1079 1
128 628 1
150 564 1
181 573 1
213 569 1
208 608 1
253 616 1
314 636 1
341 660 1
344 721 1
330 610 1
361 598 1
145 516 1
193 457 1
165 517 1
216 484 1
237 457 1
294 528 1
205 517 1
345 540 1
356 496 1
394 501 1
393 408 1
646 682 1
634 600 1
550 582 1
573 558 1
598 516 1
605 542 1
633 541 1
650 564 1
665 610 1
726 650 1
749 642 1
778 629 1
702 564 1
688 544 1
720 546 1
661 490 1
630 480 1
612 490 1
576 458 1
444 544 1
457 466 1
470 398 1
437 401 1
330 418 1
273 418 1
246 428 1
273 465 1
280 500 1
274 384 1
252 360 1
314 350 1
361 322 1
354 364 1
406 318 1
376 352 1
526 378 1
421 438 1
469 305 1
220 353 1
232 328 1
264 344 1
334 288 1
368 276 1
365 242 1
321 238 1
220 298 1
241 297 1
225 260 1
252 244 1
230 202 1
256 178 1
266 214 1
301 218 1
313 186 1
296 162 1
140 176 1
182 113 1
70 148 1
168 57 1
604 185 1
1136 161 1
913 210 1
1172 24 1
925 136 1
806 205 1
800 178 1
814 154 1
766 170 1
713 101 1
666 77 1
638 154 1
625 64 1
654 30 1
690 44 1
713 33 1
757 12 1
717 65 1
844 170 1
849 213 1
824 224 1
825 192 1
713 206 1
565 242 1
832 268 1
858 253 1
909 254 1
933 226 1
966 202 1
1108 225 1
309 144 1
293 125 1
286 110 1
49 66 1
38 45 1
29 10 1
17 97 1
296 891 1
372 470 1
430 476 1
277 269 1
332 214 1
86 454 1
454 433 1
1057 888 3
1021 931 3
977 1058 3
964 1072 3
1060 1124 3
1116 1099 3
894 1107 3
676 1002 3
853 954 3
1188 624 3
1090 696 3
989 556 3
997 527 3
913 695 3
900 824 3
884 774 3
540 1056 3
556 1015 3
616 990 3
132 1095 3
88 963 3
197 910 3
470 1000 3
476 984 3
496 976 3
137 473 3
58 546 3
40 584 3
24 506 3
2 469 3
4 590 3
4 649 3
416 582 3
422 522 3
202 426 3
373 445 3
329 373 3
361 428 3
292 329 3
310 294 3
1074 50 3
688 97 3
632 88 3
314 42 3
193 265 3
172 213 3
60 109 3
12 69 3
4 42 3
336 818 3
355 819 3
372 577 3
167 536 3
237 526 3
589 500 3
586 477 3
718 506 3
874 276 3
820 288 3
760 609 3
792 709 3
