452 3 0
88 29 1
94 96 1
121 90 1
182 149 1
285 136 1
254 150 1
225 33 1
240 60 1
224 74 1
301 176 1
126 344 1
230 354 1
313 297 1
286 333 1
288 357 1
228 376 1
204 376 1
225 401 1
250 401 1
302 380 1
320 360 1
321 330 1
356 333 1
338 305 1
368 214 1
289 212 1
313 230 1
74 430 1
117 420 1
116 446 1
146 426 1
165 445 1
400 298 1
422 280 1
428 314 1
373 346 1
381 425 1
4 508 1
58 544 1
241 426 1
269 425 1
234 458 1
200 461 1
182 486 1
224 497 1
160 508 1
192 538 1
214 548 1
253 528 1
284 510 1
274 485 1
281 454 1
306 521 1
460 270 1
425 410 1
414 437 1
477 442 1
505 433 1
501 385 1
549 364 1
540 229 1
470 160 1
453 149 1
433 190 1
413 168 1
328 410 1
354 397 1
377 388 1
326 436 1
342 448 1
350 422 1
444 461 1
429 542 1
349 548 1
329 548 1
208 612 1
68 582 1
138 582 1
221 584 1
246 624 1
320 598 1
368 733 1
50 814 1
42 764 1
37 704 1
200 705 1
222 689 1
205 658 1
30 878 1
36 917 1
38 962 1
77 972 1
40 1117 1
30 1145 1
78 1145 1
161 1152 1
206 1154 1
118 1105 1
57 1024 1
268 997 1
274 976 1
284 950 1
310 950 1
258 917 1
93 841 1
121 849 1
160 748 1
85 752 1
40 658 1
688 237 1
630 297 1
614 472 1
638 437 1
609 392 1
660 292 1
688 236 1
717 152 1
796 209 1
769 110 1
692 37 1
781 37 1
754 32 1
729 32 1
721 56 1
629 64 1
636 92 1
601 86 1
574 34 1
616 125 1
366 882 1
313 882 1
226 766 1
252 1100 1
368 1130 1
306 1161 1
284 1140 1
278 1058 1
389 950 1
378 925 1
361 968 1
481 1006 1
453 1018 1
256 797 1
394 734 1
468 833 1
506 776 1
394 766 1
454 772 1
470 745 1
484 774 1
422 825 1
513 916 1
342 620 1
381 654 1
537 500 1
364 510 1
481 566 1
518 840 1
578 784 1
632 838 1
633 894 1
673 786 1
653 752 1
648 573 1
578 606 1
517 586 1
578 562 1
633 521 1
658 498 1
678 530 1
689 508 1
664 456 1
730 370 1
718 338 1
724 298 1
764 277 1
838 270 1
428 1170 1
474 1141 1
470 1104 1
505 1124 1
537 1092 1
520 1161 1
534 1190 1
560 1146 1
574 1121 1
597 1077 1
633 1097 1
628 1144 1
666 1189 1
662 1052 1
760 1070 1
734 1082 1
732 1008 1
758 994 1
749 1036 1
689 1004 1
722 954 1
674 932 1
736 818 1
790 860 1
838 842 1
876 810 1
881 1073 1
1008 1050 1
980 1096 1
942 1114 1
929 1094 1
968 1056 1
924 1060 1
914 1025 1
544 181 1
381 240 1
816 132 1
841 133 1
641 173 1
826 28 1
893 124 1
893 181 1
862 184 1
846 202 1
974 162 1
789 137 1
908 30 1
873 9 1
1042 13 1
1080 61 1
1002 140 1
1032 176 1
1145 6 1
1161 128 1
1134 274 1
1141 225 1
1128 170 1
1096 200 1
1069 318 1
1090 36 1
1108 61 1
809 500 1
1006 505 1
1078 493 1
1149 436 1
1180 434 1
1182 396 1
1112 378 1
1093 360 1
992 194 1
1085 96 1
1057 121 1
1112 570 1
1177 502 1
1162 482 1
1134 352 1
1134 373 1
1188 357 1
1117 314 1
1137 308 1
980 350 1
1029 298 1
713 265 1
626 633 1
734 656 1
905 646 1
810 637 1
865 576 1
1020 525 1
1114 521 1
1157 526 1
1166 613 1
1180 905 1
1137 942 1
1149 762 1
1188 758 1
1001 889 1
884 722 1
765 674 1
773 742 1
785 718 1
681 594 1
668 565 1
1034 469 1
792 930 1
861 237 1
130 1174 1
10 1162 1
8 1130 1
1188 454 1
632 324 1
501 360 1
1096 553 1
460 196 1
456 368 1
290 922 1
557 130 3
516 118 3
514 150 3
398 125 3
380 146 3
326 174 3
562 68 3
705 5 3
754 72 3
201 416 3
177 376 3
34 298 3
58 406 3
40 460 3
34 362 3
120 549 3
108 492 3
174 988 3
134 1021 3
110 1029 3
108 1064 3
58 1088 3
228 905 3
284 884 3
76 1125 3
169 1105 3
130 728 3
109 712 3
173 693 3
170 582 3
193 582 3
289 621 3
306 652 3
266 728 3
238 677 3
196 952 3
165 905 3
365 630 3
409 608 3
429 584 3
442 656 3
428 697 3
884 1014 3
472 1193 3
452 1185 3
450 1148 3
396 1102 3
318 1037 3
361 993 3
354 1030 3
394 1034 3
432 1038 3
498 1029 3
474 1050 3
413 1054 3
538 845 3
532 880 3
548 904 3
357 278 3
333 274 3
272 281 3
769 170 3
693 152 3
721 125 3
737 106 3
904 150 3
1020 94 3
1026 52 3
1157 40 3
1172 262 3
1065 258 3
993 249 3
1101 257 3
1088 224 3
860 94 3
828 93 3
940 205 3
914 258 3
925 169 3
892 289 3
866 284 3
1006 380 3
1018 330 3
898 572 3
978 540 3
1020 1082 3
720 502 3
590 696 3
721 188 3
761 242 3
816 236 3
1005 22 3
173 66 3
149 85 3
145 109 3
158 140 3
184 33 3
236 5 3
73 262 3
70 232 3
28 558 3
28 537 3
938 888 3
886 964 3
825 998 3
820 1072 3
1098 812 3
1094 434 3
1089 392 3
1122 413 3
1196 665 3
1185 644 3
1152 624 3
1144 600 3
1168 586 3
1181 533 3
760 9 3
1172 14 3
1134 133 3
909 704 3
906 669 3
881 664 3
1176 793 3
1030 489 3
1008 214 3
745 326 3
460 320 3
273 390 3
517 404 3
550 586 3
93 1098 3
354 1189 3
258 1142 3
237 1145 3
497 1149 3
688 433 3
658 596 3
581 838 3
610 790 3
612 866 3
385 501 3
377 454 3
344 474 3
141 533 3
130 502 3
124 472 3
394 546 3
716 1049 3
693 1058 3
688 1078 3
394 885 3
954 769 3
916 793 3
942 721 3
984 760 3
150 457 3
696 386 3
978 862 3
1010 873 3
