356 3 0
40 23 1
94 11 1
175 66 1
178 99 1
265 62 1
224 88 1
251 87 1
247 8 1
100 156 1
110 84 1
134 136 1
176 181 1
210 146 1
296 121 1
52 174 1
22 231 1
25 204 1
316 146 1
298 185 1
190 215 1
146 187 1
103 182 1
116 242 1
117 307 1
130 335 1
261 208 1
248 242 1
213 326 1
250 369 1
277 382 1
315 303 1
360 230 1
368 282 1
95 390 1
190 267 1
213 282 1
4 263 1
9 394 1
448 235 1
458 267 1
414 337 1
427 390 1
42 430 1
84 419 1
63 451 1
107 499 1
91 464 1
145 426 1
164 392 1
164 469 1
485 549 1
517 524 1
548 510 1
445 537 1
444 496 1
115 573 1
527 329 1
625 191 1
127 618 1
113 649 1
142 662 1
165 656 1
194 660 1
268 411 1
227 422 1
229 461 1
285 473 1
331 190 1
348 483 1
451 600 1
396 631 1
496 643 1
604 557 1
250 645 1
234 625 1
496 451 1
475 337 1
449 564 1
372 662 1
316 606 1
188 752 1
216 677 1
170 600 1
141 598 1
313 716 1
340 720 1
380 713 1
404 722 1
466 695 1
433 762 1
109 863 1
77 913 1
579 940 1
585 915 1
591 968 1
575 838 1
550 806 1
507 814 1
101 982 1
20 1033 1
91 1033 1
85 1062 1
272 1066 1
214 1076 1
151 1070 1
82 1090 1
55 1111 1
30 1114 1
21 1138 1
6 1165 1
301 1185 1
299 1136 1
300 1105 1
330 1141 1
340 1182 1
402 1172 1
456 1175 1
431 1190 1
533 1130 1
576 1020 1
212 802 1
575 483 1
480 409 1
591 184 1
25 1011 1
350 842 1
351 870 1
656 923 1
635 883 1
642 862 1
705 756 1
677 760 1
897 1153 1
942 1158 1
975 1155 1
1023 1182 1
1092 966 1
1023 887 1
1147 934 1
1158 961 1
913 919 1
809 886 1
854 920 1
890 953 1
843 816 1
836 767 1
813 790 1
913 831 1
948 835 1
943 798 1
901 813 1
987 897 1
903 747 1
877 736 1
837 728 1
894 697 1
906 663 1
847 662 1
849 601 1
1108 609 1
1109 584 1
1143 580 1
1185 568 1
1168 538 1
953 635 1
945 670 1
931 704 1
988 679 1
1018 623 1
809 667 1
719 663 1
689 567 1
654 525 1
806 497 1
828 501 1
842 531 1
816 420 1
843 444 1
830 347 1
833 292 1
849 310 1
669 196 1
945 167 1
868 232 1
845 229 1
1028 144 1
1183 182 1
1111 147 1
1139 198 1
1007 27 1
1118 116 1
1074 71 1
685 812 1
639 766 1
643 740 1
713 730 1
1091 969 1
1076 929 1
1064 948 1
1058 914 1
662 964 1
120 1016 1
757 714 1
245 493 1
1180 24 1
853 488 1
840 474 1
506 429 1
530 434 1
204 626 1
148 94 3
89 124 3
44 123 3
14 158 3
23 66 3
102 50 3
83 63 3
240 59 3
244 138 3
320 326 3
257 338 3
355 314 3
372 306 3
387 342 3
331 374 3
52 206 3
172 152 3
192 174 3
120 203 3
64 153 3
181 312 3
171 238 3
33 345 3
38 322 3
45 269 3
68 247 3
214 599 3
152 575 3
297 506 3
77 613 3
38 608 3
531 188 3
370 546 3
393 461 3
434 419 3
459 443 3
14 648 3
38 714 3
53 800 3
565 1172 3
594 1121 3
150 878 3
170 839 3
162 800 3
126 800 3
165 770 3
93 770 3
145 936 3
152 969 3
168 1005 3
166 1032 3
163 1054 3
200 1031 3
227 1027 3
240 1002 3
194 995 3
245 969 3
252 916 3
271 870 3
280 827 3
52 884 3
76 910 3
47 929 3
69 831 3
246 1107 3
27 1073 3
60 1081 3
448 808 3
328 778 3
210 774 3
225 731 3
202 727 3
143 697 3
600 626 3
570 587 3
628 624 3
584 510 3
18 757 3
17 803 3
241 829 3
264 724 3
399 768 3
382 848 3
1159 222 3
1187 303 3
1037 585 3
909 510 3
685 100 3
656 17 3
637 111 3
812 225 3
904 219 3
877 204 3
838 266 3
862 266 3
770 428 3
811 602 3
695 659 3
679 618 3
1098 50 3
1050 42 3
1016 102 3
1126 70 3
1168 100 3
1107 175 3
967 584 3
788 924 3
817 956 3
834 984 3
1015 1154 3
624 1180 3
608 1149 3
654 1196 3
460 857 3
642 1006 3
678 944 3
124 1058 3
137 1029 3
132 996 3
688 876 3
753 868 3
177 409 3
133 449 3
162 442 3
193 428 3
1066 148 3
534 548 3
405 480 3
384 492 3
21 417 3
48 400 3
64 966 3
76 986 3
97 929 3
888 992 3
257 888 3
986 136 3
552 280 3
508 314 3
285 334 3
886 244 3
556 430 3
488 369 3
64 633 3
44 646 3
146 637 3
