393 3 0
197 14 1
245 109 1
286 92 1
401 57 1
368 69 1
354 100 1
169 172 1
153 189 1
117 217 1
56 237 1
153 253 1
110 254 1
210 221 1
230 232 1
501 14 1
280 234 1
253 224 1
6 329 1
37 306 1
54 300 1
89 328 1
112 374 1
68 390 1
38 441 1
17 476 1
85 472 1
120 330 1
109 302 1
273 341 1
236 330 1
238 308 1
249 356 1
346 349 1
284 394 1
297 420 1
361 402 1
376 374 1
298 206 1
308 222 1
462 254 1
381 186 1
473 96 1
630 328 1
664 352 1
469 278 1
592 221 1
642 249 1
580 145 1
538 122 1
518 141 1
393 120 1
193 116 1
213 109 1
717 17 1
550 34 1
733 84 1
772 69 1
794 13 1
794 46 1
744 49 1
400 276 1
734 146 1
748 240 1
738 277 1
562 216 1
1009 78 1
1056 92 1
1125 116 1
1025 145 1
970 160 1
970 205 1
974 258 1
906 248 1
1033 276 1
1010 286 1
952 281 1
1013 317 1
1142 268 1
1176 262 1
1174 284 1
1185 369 1
1116 317 1
1056 317 1
1096 369 1
1182 428 1
992 418 1
1010 401 1
1045 364 1
821 293 1
846 301 1
876 314 1
828 326 1
913 328 1
937 338 1
960 326 1
950 304 1
929 292 1
722 341 1
685 336 1
726 394 1
666 401 1
754 404 1
694 374 1
598 337 1
478 410 1
449 393 1
416 398 1
137 368 1
429 180 1
736 373 1
450 369 1
481 375 1
508 379 1
526 369 1
549 368 1
572 365 1
365 461 1
388 472 1
429 512 1
372 509 1
120 451 1
141 499 1
169 469 1
130 413 1
30 375 1
397 436 1
773 548 1
33 572 1
68 580 1
113 611 1
124 648 1
76 640 1
50 620 1
117 692 1
177 651 1
240 547 1
480 617 1
444 589 1
444 564 1
441 635 1
453 697 1
477 677 1
462 717 1
464 740 1
229 737 1
146 805 1
352 796 1
294 860 1
326 897 1
280 903 1
328 924 1
297 555 1
316 579 1
454 660 1
544 724 1
526 695 1
514 745 1
573 677 1
686 652 1
660 671 1
664 692 1
709 673 1
669 752 1
616 748 1
605 816 1
669 813 1
654 837 1
682 795 1
932 695 1
985 741 1
961 753 1
176 216 1
146 293 1
176 309 1
593 889 1
578 881 1
693 872 1
861 829 1
882 824 1
852 856 1
842 917 1
868 936 1
816 940 1
804 959 1
796 976 1
830 967 1
826 991 1
1030 1031 1
1002 1079 1
976 1093 1
886 1043 1
730 967 1
414 1019 1
266 1004 1
152 985 1
28 773 1
16 713 1
5 843 1
126 963 1
230 1049 1
226 1025 1
176 1080 1
9 1065 1
38 1036 1
166 1169 1
1040 1051 1
761 1136 1
769 1088 1
725 1011 1
294 1179 1
289 1148 1
290 1116 1
346 1085 1
333 1043 1
410 1084 1
797 1143 1
837 1101 1
768 1021 1
889 953 1
153 96 1
278 806 1
252 757 1
48 461 1
282 733 1
272 604 1
268 574 1
273 1170 1
69 345 1
42 334 1
984 293 1
1021 50 1
1034 70 1
349 128 3
334 152 3
206 80 3
234 68 3
40 158 3
25 188 3
62 194 3
513 74 3
488 54 3
217 161 3
769 28 3
574 49 3
590 52 3
617 194 3
753 116 3
769 124 3
770 142 3
1030 184 3
1113 193 3
1058 149 3
1009 234 3
1002 121 3
1154 308 3
1092 312 3
1133 341 3
1118 422 3
1126 397 3
1181 446 3
998 456 3
1005 440 3
906 289 3
926 262 3
930 237 3
969 384 3
954 361 3
938 392 3
324 263 3
482 320 3
520 295 3
661 308 3
621 372 3
772 483 3
790 459 3
760 576 3
738 588 3
738 564 3
414 457 3
425 441 3
444 441 3
936 731 3
714 416 3
749 443 3
601 659 3
416 628 3
1097 755 3
1121 775 3
1098 735 3
1128 749 3
1144 755 3
1170 732 3
1133 911 3
585 628 3
241 440 3
210 457 3
990 655 3
721 720 3
584 781 3
548 792 3
548 824 3
570 819 3
340 981 3
33 989 3
448 1140 3
452 1183 3
738 1180 3
714 1173 3
704 1183 3
774 1192 3
788 1165 3
1174 947 3
1165 1011 3
1193 1141 3
1073 1023 3
780 1115 3
728 993 3
250 1087 3
214 1159 3
309 1111 3
1093 96 3
16 758 3
18 157 3
82 108 3
182 46 3
129 84 3
422 96 3
453 117 3
478 133 3
388 164 3
20 438 3
501 166 3
509 270 3
698 32 3
722 41 3
818 25 3
633 404 3
598 368 3
152 533 3
178 501 3
212 593 3
242 677 3
249 652 3
102 577 3
85 504 3
118 485 3
234 708 3
305 721 3
298 685 3
290 626 3
222 1085 3
320 864 3
697 1000 3
617 964 3
566 1034 3
565 1056 3
642 954 3
669 953 3
672 902 3
528 842 3
446 748 3
704 782 3
980 696 3
794 390 3
781 368 3
752 345 3
666 326 3
460 318 3
306 360 3
286 288 3
373 332 3
180 585 3
194 290 3
84 304 3
77 272 3
125 280 3
518 340 3
550 341 3
313 241 3
266 253 3
354 222 3
405 209 3
612 254 3
736 309 3
701 312 3
709 285 3
781 265 3
1005 29 3
1041 750 3
1052 728 3
1026 725 3
997 342 3
1038 124 3
