364 3 0
60 129 1
64 150 1
64 161 1
89 150 1
89 169 1
102 186 1
78 192 1
20 128 1
72 89 1
53 84 1
6 70 1
158 105 1
185 93 1
158 161 1
186 170 1
168 192 1
185 234 1
213 242 1
229 220 1
217 180 1
260 102 1
225 80 1
290 84 1
262 214 1
130 248 1
125 300 1
104 330 1
42 365 1
89 393 1
73 372 1
212 321 1
245 281 1
337 137 1
616 46 1
593 85 1
610 133 1
626 108 1
630 157 1
640 133 1
653 108 1
636 77 1
581 112 1
690 178 1
668 221 1
657 200 1
705 206 1
650 232 1
601 226 1
609 250 1
636 262 1
274 262 1
364 268 1
464 257 1
509 268 1
460 306 1
446 281 1
422 300 1
393 328 1
361 318 1
310 325 1
298 292 1
340 269 1
268 313 1
212 365 1
101 416 1
162 412 1
128 412 1
116 441 1
16 452 1
66 452 1
66 422 1
242 398 1
350 380 1
333 398 1
328 341 1
284 325 1
262 342 1
430 356 1
430 384 1
378 396 1
338 520 1
285 454 1
65 485 1
50 509 1
28 522 1
64 564 1
9 629 1
37 694 1
49 666 1
68 641 1
78 660 1
101 678 1
93 605 1
6 656 1
56 722 1
28 718 1
12 742 1
6 752 1
12 774 1
42 748 1
62 772 1
50 790 1
88 758 1
112 780 1
74 816 1
134 661 1
118 736 1
148 762 1
48 846 1
393 582 1
368 554 1
385 550 1
397 529 1
97 852 1
45 876 1
37 908 1
62 928 1
141 877 1
156 864 1
126 904 1
117 882 1
16 958 1
108 1066 1
36 1061 1
66 1104 1
41 1112 1
140 1154 1
146 1084 1
177 1085 1
264 1117 1
302 1121 1
280 1157 1
250 1146 1
430 549 1
449 534 1
452 576 1
172 1130 1
201 1130 1
308 1154 1
330 1165 1
338 1128 1
501 1060 1
504 1088 1
532 1078 1
532 1025 1
549 1001 1
552 978 1
588 981 1
609 964 1
620 1070 1
586 1148 1
562 1153 1
502 1134 1
649 1076 1
594 641 1
565 628 1
628 660 1
706 758 1
685 534 1
726 532 1
706 510 1
645 544 1
698 561 1
737 734 1
660 582 1
646 633 1
573 351 1
597 323 1
1153 274 1
1185 302 1
834 328 1
961 1072 1
1014 1038 1
953 1114 1
988 1114 1
1026 1120 1
1048 1142 1
1069 1068 1
1170 1025 1
1148 1033 1
1180 1077 1
1140 1114 1
1120 1134 1
1113 1184 1
1110 1158 1
1136 1153 1
1170 1148 1
1182 1122 1
1148 1189 1
1156 1164 1
1190 1170 1
1096 1108 1
1097 1076 1
1161 748 1
1168 728 1
1137 706 1
1170 681 1
778 617 1
801 612 1
845 617 1
900 610 1
872 596 1
886 553 1
810 524 1
801 842 1
834 801 1
810 757 1
808 728 1
850 724 1
844 764 1
841 830 1
850 852 1
880 821 1
858 801 1
1008 598 1
969 600 1
949 600 1
926 300 1
932 248 1
170 444 1
218 417 1
402 376 1
621 304 1
1034 644 1
166 897 1
101 517 1
133 389 1
261 74 3
281 110 3
554 89 3
494 105 3
460 105 3
440 94 3
366 78 3
338 36 3
377 17 3
381 165 3
377 122 3
321 125 3
285 141 3
152 308 3
164 664 3
157 702 3
220 682 3
228 701 3
244 721 3
200 764 3
173 761 3
188 740 3
134 838 3
154 821 3
118 802 3
353 577 3
337 546 3
365 470 3
433 485 3
462 556 3
486 522 3
476 501 3
504 498 3
505 464 3
514 441 3
492 429 3
440 417 3
288 1178 3
269 1182 3
310 1188 3
381 1162 3
353 1153 3
413 1157 3
426 1133 3
360 1077 3
334 1094 3
469 1053 3
626 685 3
633 704 3
642 730 3
673 749 3
677 796 3
724 856 3
682 834 3
720 820 3
668 878 3
646 902 3
677 896 3
553 934 3
625 1133 3
689 1110 3
586 1114 3
708 580 3
726 626 3
749 594 3
765 566 3
772 576 3
765 498 3
789 489 3
725 442 3
540 504 3
520 529 3
552 522 3
502 347 3
454 342 3
482 319 3
514 312 3
530 347 3
554 339 3
518 375 3
556 318 3
698 232 3
774 348 3
749 316 3
913 52 3
849 206 3
868 197 3
902 190 3
928 158 3
986 53 3
1009 258 3
1078 244 3
1090 212 3
962 232 3
1001 232 3
978 276 3
949 286 3
989 106 3
905 90 3
881 84 3
838 120 3
722 116 3
793 229 3
801 186 3
872 334 3
809 436 3
794 566 3
898 812 3
869 912 3
912 593 3
930 608 3
952 620 3
813 486 3
804 466 3
1058 16 3
1052 80 3
1133 30 3
818 90 3
728 137 3
857 234 3
361 46 3
449 132 3
481 129 3
406 121 3
896 286 3
1046 285 3
1022 174 3
1106 249 3
662 280 3
524 286 3
950 997 3
925 1116 3
926 1090 3
1125 1089 3
593 1001 3
608 1018 3
898 642 3
