295 3 0
88 17 1
112 13 1
149 20 1
88 44 1
110 64 1
129 46 1
73 72 1
124 85 1
98 86 1
116 101 1
83 112 1
131 123 1
146 101 1
108 227 1
92 250 1
101 280 1
110 203 1
138 214 1
61 190 1
171 132 1
167 109 1
185 100 1
112 152 1
110 34 1
137 236 1
213 316 1
195 291 1
165 299 1
91 311 1
97 330 1
61 344 1
54 310 1
49 324 1
32 380 1
78 372 1
105 357 1
107 381 1
125 404 1
140 375 1
167 360 1
204 375 1
367 431 1
358 460 1
403 456 1
347 439 1
430 434 1
526 156 1
554 79 1
576 29 1
556 150 1
590 130 1
604 103 1
619 69 1
613 29 1
651 13 1
673 40 1
677 77 1
707 70 1
658 103 1
825 9 1
827 60 1
846 87 1
884 118 1
868 225 1
709 301 1
734 286 1
737 315 1
719 332 1
702 350 1
673 354 1
794 439 1
772 460 1
757 441 1
866 438 1
826 452 1
864 458 1
861 484 1
835 553 1
35 651 1
84 656 1
85 612 1
110 632 1
108 604 1
156 666 1
179 667 1
113 668 1
275 662 1
309 648 1
351 689 1
370 713 1
374 674 1
318 688 1
401 704 1
433 714 1
452 690 1
475 709 1
555 665 1
512 618 1
532 598 1
458 736 1
427 749 1
482 743 1
482 780 1
517 770 1
533 746 1
547 723 1
566 739 1
575 718 1
570 777 1
512 818 1
541 809 1
418 831 1
569 841 1
599 791 1
616 810 1
618 773 1
631 717 1
681 712 1
663 734 1
684 753 1
663 762 1
714 712 1
761 669 1
802 646 1
810 711 1
746 709 1
767 711 1
837 725 1
792 771 1
766 763 1
733 757 1
730 781 1
757 809 1
742 823 1
834 800 1
787 811 1
840 824 1
803 836 1
826 876 1
760 860 1
736 885 1
775 891 1
734 850 1
596 885 1
649 888 1
680 879 1
571 818 1
474 850 1
644 829 1
314 869 1
360 925 1
209 925 1
119 926 1
117 983 1
144 937 1
135 974 1
142 1037 1
184 1033 1
165 987 1
195 974 1
248 963 1
278 950 1
310 970 1
338 1001 1
247 997 1
219 993 1
218 1046 1
263 1041 1
268 1016 1
301 1021 1
292 1051 1
260 1070 1
323 1077 1
321 1095 1
295 1106 1
287 929 1
359 1000 1
365 1016 1
320 1041 1
350 1092 1
383 1103 1
402 1133 1
312 1143 1
347 1142 1
320 1193 1
352 1191 1
813 936 1
833 928 1
739 955 1
708 944 1
730 917 1
699 913 1
763 959 1
417 1173 1
460 1126 1
563 1172 1
567 1143 1
525 1134 1
628 1138 1
671 1187 1
700 1151 1
688 1103 1
741 1161 1
705 1178 1
710 1194 1
773 1190 1
971 129 1
919 204 1
935 199 1
1000 264 1
977 242 1
1135 182 1
1120 158 1
932 230 1
898 230 1
1098 289 1
1122 298 1
1126 330 1
893 460 1
1177 509 1
1127 530 1
1166 566 1
960 527 1
987 543 1
1021 566 1
1076 558 1
1194 586 1
965 564 1
963 586 1
964 611 1
933 627 1
910 587 1
944 586 1
994 576 1
918 788 1
914 844 1
946 795 1
959 779 1
945 753 1
983 801 1
1044 845 1
1043 931 1
1009 947 1
981 947 1
959 943 1
960 974 1
1025 1039 1
1063 884 1
972 1130 1
60 633 1
172 35 3
149 50 3
192 60 3
314 73 3
81 181 3
107 189 3
162 239 3
11 166 3
147 337 3
137 264 3
73 266 3
163 388 3
55 399 3
765 50 3
875 143 3
799 483 3
829 532 3
611 700 3
585 697 3
530 684 3
655 702 3
751 931 3
683 945 3
683 924 3
669 791 3
669 854 3
618 854 3
877 897 3
890 904 3
874 1179 3
896 1180 3
496 1130 3
646 1100 3
608 1113 3
988 1087 3
621 1078 3
658 1029 3
698 1022 3
1180 477 3
834 844 3
817 809 3
980 184 3
680 389 3
754 396 3
544 450 3
