412 3 0
160 13 1
144 58 1
142 84 1
136 102 1
110 113 1
81 110 1
70 64 1
8 68 1
12 133 1
17 165 1
22 189 1
48 190 1
37 126 1
62 142 1
178 90 1
166 118 1
161 149 1
200 168 1
218 114 1
218 37 1
337 10 1
345 36 1
281 82 1
117 208 1
122 245 1
194 241 1
172 256 1
9 312 1
20 378 1
101 334 1
204 309 1
213 274 1
121 358 1
152 362 1
173 378 1
98 393 1
94 448 1
48 436 1
13 456 1
212 401 1
246 374 1
276 354 1
289 342 1
293 380 1
265 380 1
276 405 1
314 396 1
322 362 1
350 345 1
400 341 1
376 357 1
368 401 1
397 380 1
337 436 1
450 440 1
409 470 1
433 466 1
438 508 1
397 522 1
541 37 1
561 62 1
597 50 1
581 122 1
609 118 1
592 156 1
574 172 1
569 205 1
530 197 1
505 214 1
545 220 1
614 170 1
648 168 1
685 165 1
702 118 1
750 122 1
760 150 1
718 194 1
673 205 1
638 218 1
790 194 1
768 218 1
721 241 1
704 221 1
641 306 1
509 285 1
481 285 1
606 362 1
540 446 1
533 474 1
561 585 1
534 581 1
482 565 1
434 573 1
334 542 1
356 526 1
328 501 1
354 473 1
210 489 1
228 505 1
258 496 1
161 440 1
57 521 1
93 496 1
148 541 1
116 528 1
482 493 1
652 605 1
684 596 1
660 580 1
648 565 1
629 545 1
620 524 1
640 512 1
658 478 1
641 466 1
701 502 1
673 504 1
729 498 1
760 501 1
730 266 1
748 258 1
774 258 1
793 245 1
792 284 1
601 86 1
152 474 1
193 456 1
50 626 1
133 598 1
105 648 1
128 773 1
113 749 1
133 725 1
366 662 1
350 609 1
504 525 1
505 554 1
526 540 1
705 462 1
528 621 1
565 644 1
609 680 1
632 652 1
665 686 1
685 702 1
762 705 1
730 714 1
725 686 1
740 642 1
760 566 1
170 540 1
78 929 1
41 953 1
4 964 1
24 1005 1
78 974 1
434 1081 1
474 1062 1
460 1089 1
532 941 1
508 957 1
494 924 1
480 950 1
456 969 1
446 1000 1
386 970 1
437 940 1
488 860 1
474 897 1
733 838 1
702 844 1
709 816 1
765 824 1
762 870 1
700 888 1
614 913 1
640 884 1
638 934 1
662 965 1
692 945 1
745 900 1
734 916 1
774 936 1
770 906 1
794 893 1
792 1094 1
746 1101 1
696 920 1
528 905 1
796 1141 1
860 1074 1
917 1074 1
980 1038 1
1025 1038 1
1026 989 1
1006 1000 1
948 1029 1
942 1064 1
826 1148 1
897 1190 1
1170 1074 1
1129 1073 1
1118 1048 1
1062 1041 1
797 1050 1
834 912 1
878 928 1
893 894 1
888 870 1
914 941 1
937 916 1
938 938 1
949 957 1
973 968 1
1052 860 1
1025 860 1
985 825 1
958 812 1
948 788 1
881 764 1
804 789 1
888 728 1
806 764 1
805 672 1
940 725 1
1004 778 1
977 790 1
978 761 1
1050 750 1
1089 740 1
1161 740 1
1149 706 1
1106 936 1
1090 788 1
1160 764 1
1132 774 1
921 998 1
572 925 1
601 930 1
1064 394 1
1092 329 1
1046 297 1
1028 317 1
990 289 1
1189 753 1
1089 498 1
1109 514 1
1069 550 1
989 516 1
802 536 1
849 485 1
901 449 1
928 426 1
1017 401 1
980 409 1
973 425 1
944 342 1
897 368 1
910 400 1
889 310 1
854 321 1
853 293 1
828 290 1
870 270 1
898 269 1
1069 202 1
1045 221 1
1036 237 1
1097 222 1
1060 178 1
1128 226 1
988 492 1
964 472 1
974 447 1
810 218 1
773 849 1
804 849 1
829 857 1
860 860 1
869 834 1
833 828 1
549 1018 1
529 996 1
793 873 1
1105 985 1
996 741 1
1036 786 1
824 722 1
833 740 1
830 776 1
1050 1010 1
996 982 1
629 402 3
598 402 3
592 422 3
557 421 3
564 361 3
541 278 3
541 252 3
505 236 3
590 230 3
598 260 3
137 282 3
290 112 3
22 232 3
169 206 3
461 313 3
633 136 3
633 105 3
578 89 3
100 302 3
232 456 3
290 449 3
745 193 3
694 265 3
634 266 3
625 280 3
510 449 3
72 340 3
40 546 3
9 644 3
165 693 3
144 704 3
101 673 3
133 657 3
140 640 3
245 669 3
370 625 3
364 498 3
557 541 3
584 528 3
512 490 3
656 530 3
768 549 3
772 169 3
777 589 3
761 622 3
748 600 3
772 772 3
697 768 3
753 789 3
644 733 3
652 706 3
166 757 3
349 985 3
408 1008 3
376 1145 3
750 1142 3
637 1053 3
596 1013 3
628 1000 3
590 968 3
744 1074 3
681 1065 3
662 1070 3
673 993 3
758 989 3
748 969 3
693 974 3
724 982 3
621 588 3
833 1024 3
837 966 3
865 957 3
805 952 3
794 990 3
1129 713 3
1137 750 3
1082 762 3
1184 866 3
1085 1050 3
1162 1092 3
1110 753 3
1082 813 3
1082 850 3
1112 837 3
1140 844 3
904 1030 3
1082 972 3
1085 940 3
1176 818 3
1066 578 3
1032 496 3
1009 461 3
982 892 3
1192 248 3
977 326 3
977 274 3
910 476 3
934 468 3
937 483 3
941 518 3
941 498 3
961 505 3
957 518 3
742 540 3
906 749 3
82 158 3
1162 49 3
1190 118 3
1145 200 3
1168 229 3
1132 16 3
589 465 3
604 493 3
622 378 3
392 1093 3
434 1052 3
466 624 3
873 1126 3
884 1165 3
732 874 3
