396 3 0
81 32 1
74 166 1
123 226 1
191 222 1
169 285 1
80 331 1
45 372 1
220 391 1
310 387 1
345 418 1
383 367 1
396 344 1
424 339 1
454 327 1
457 349 1
426 367 1
439 399 1
463 421 1
490 381 1
502 358 1
468 259 1
438 98 1
429 54 1
278 18 1
314 58 1
314 129 1
339 106 1
420 308 1
381 422 1
402 430 1
433 444 1
404 476 1
24 472 1
78 439 1
99 469 1
77 486 1
109 506 1
73 561 1
33 584 1
126 711 1
149 670 1
126 641 1
339 41 1
390 559 1
232 689 1
290 700 1
342 668 1
393 669 1
419 652 1
466 566 1
452 543 1
441 580 1
42 658 1
525 201 1
465 218 1
450 212 1
514 225 1
566 170 1
465 13 1
665 11 1
504 8 1
609 148 1
732 152 1
742 188 1
710 72 1
739 67 1
625 119 1
764 159 1
515 500 1
666 489 1
639 473 1
728 494 1
711 527 1
670 560 1
597 618 1
582 642 1
556 627 1
528 617 1
544 556 1
574 506 1
165 646 1
368 736 1
514 677 1
487 457 1
100 710 1
101 727 1
325 797 1
415 721 1
383 824 1
414 832 1
358 837 1
288 884 1
308 847 1
63 890 1
63 905 1
65 1013 1
151 975 1
171 1033 1
148 1037 1
193 1029 1
45 1114 1
102 1194 1
102 1156 1
167 1140 1
174 1182 1
156 1175 1
189 1083 1
216 1079 1
241 1052 1
240 988 1
260 985 1
298 1022 1
295 1138 1
290 1170 1
600 1156 1
630 1144 1
656 1155 1
696 1147 1
774 1179 1
718 1115 1
736 1077 1
753 1104 1
688 1077 1
637 1088 1
490 1039 1
456 1026 1
372 1026 1
330 1039 1
311 1061 1
440 679 1
417 692 1
478 646 1
478 599 1
521 707 1
492 735 1
453 727 1
449 837 1
476 815 1
526 817 1
522 772 1
533 756 1
547 741 1
556 702 1
570 681 1
646 653 1
703 649 1
706 607 1
666 597 1
635 594 1
635 619 1
694 485 1
779 493 1
755 485 1
730 677 1
704 695 1
674 718 1
687 767 1
666 744 1
619 748 1
596 758 1
570 780 1
551 782 1
572 812 1
545 875 1
609 900 1
711 780 1
719 748 1
734 742 1
784 730 1
769 783 1
723 832 1
700 851 1
678 834 1
510 1019 1
690 620 1
724 630 1
761 567 1
601 870 1
753 871 1
766 851 1
788 603 1
809 598 1
801 476 1
812 440 1
830 375 1
901 443 1
922 411 1
887 406 1
952 473 1
860 516 1
857 542 1
804 515 1
1165 94 1
1144 118 1
1069 130 1
1027 135 1
981 115 1
946 102 1
911 38 1
882 52 1
857 57 1
825 39 1
832 79 1
813 101 1
837 150 1
862 165 1
798 189 1
948 51 1
971 8 1
1193 40 1
1181 118 1
1177 141 1
1167 177 1
1136 189 1
1185 197 1
1152 222 1
1041 212 1
1062 159 1
978 184 1
961 165 1
961 136 1
938 167 1
907 162 1
913 214 1
892 239 1
951 202 1
843 334 1
796 316 1
885 286 1
1084 277 1
1137 247 1
1162 269 1
846 679 1
810 724 1
807 647 1
816 556 1
1170 354 1
1167 618 1
1181 583 1
1138 618 1
1096 625 1
1151 682 1
1169 655 1
1139 642 1
1132 669 1
1141 774 1
1143 829 1
1171 822 1
893 654 1
876 681 1
815 911 1
845 923 1
856 873 1
791 843 1
807 809 1
889 901 1
901 878 1
847 842 1
924 909 1
905 969 1
945 925 1
874 953 1
833 973 1
808 1079 1
794 1100 1
828 1142 1
822 1117 1
857 1098 1
878 1103 1
928 1161 1
816 1166 1
855 1167 1
975 1163 1
999 1146 1
976 1113 1
969 1088 1
1055 1120 1
1104 1120 1
1179 1110 1
903 997 1
925 849 1
1148 1134 1
935 1193 1
122 973 1
100 984 1
156 260 3
76 116 3
39 143 3
356 129 3
484 116 3
106 302 3
21 337 3
27 537 3
58 523 3
421 583 3
365 591 3
486 201 3
631 7 3
497 286 3
534 356 3
431 27 3
691 29 3
754 132 3
691 110 3
697 170 3
769 53 3
560 530 3
558 467 3
604 445 3
590 405 3
196 692 3
105 684 3
186 658 3
212 662 3
169 671 3
718 117 3
720 92 3
656 1117 3
683 1120 3
754 1144 3
718 1176 3
606 1094 3
544 1071 3
267 1106 3
183 1115 3
148 1107 3
91 1032 3
8 1028 3
58 1072 3
566 1040 3
546 1017 3
127 1023 3
746 462 3
757 1051 3
662 810 3
650 847 3
635 830 3
585 906 3
605 732 3
580 724 3
610 708 3
592 832 3
558 847 3
520 863 3
510 984 3
484 1002 3
546 952 3
771 1084 3
780 1042 3
424 795 3
449 761 3
684 649 3
669 645 3
754 655 3
763 524 3
736 556 3
711 570 3
762 827 3
761 608 3
740 575 3
771 697 3
781 664 3
854 457 3
797 404 3
813 286 3
817 236 3
1109 298 3
1090 198 3
1130 149 3
1118 355 3
1192 313 3
1168 555 3
1084 580 3
913 596 3
863 632 3
886 572 3
903 517 3
898 491 3
844 805 3
846 753 3
1026 896 3
953 1007 3
814 1020 3
853 993 3
1176 776 3
1190 809 3
916 938 3
870 916 3
843 896 3
82 357 3
890 324 3
870 325 3
177 972 3
106 578 3
322 1004 3
300 1114 3
