403 3 0
39 52 1
32 81 1
81 96 1
23 259 1
74 242 1
47 223 1
61 191 1
274 126 1
154 29 1
256 162 1
275 189 1
210 207 1
244 246 1
183 258 1
176 312 1
46 335 1
74 35 1
426 13 1
477 20 1
501 19 1
503 60 1
435 134 1
467 129 1
486 80 1
40 307 1
49 510 1
96 540 1
72 523 1
150 536 1
210 481 1
227 435 1
236 478 1
251 454 1
276 408 1
269 252 1
274 229 1
294 244 1
300 266 1
269 278 1
92 215 1
333 430 1
349 448 1
373 441 1
315 228 1
347 256 1
338 283 1
376 202 1
386 232 1
411 218 1
446 213 1
395 182 1
466 160 1
561 171 1
702 29 1
768 48 1
739 136 1
859 209 1
851 119 1
809 109 1
699 97 1
736 360 1
766 217 1
770 182 1
794 191 1
826 159 1
842 83 1
864 88 1
814 26 1
721 212 1
786 280 1
856 257 1
833 271 1
628 192 1
431 313 1
389 272 1
433 430 1
597 497 1
605 476 1
292 465 1
299 492 1
266 551 1
139 571 1
37 561 1
25 546 1
15 574 1
39 588 1
47 613 1
88 607 1
112 627 1
72 649 1
17 648 1
86 675 1
121 648 1
137 613 1
159 594 1
178 561 1
238 600 1
198 651 1
175 678 1
229 670 1
304 648 1
333 675 1
293 626 1
45 660 1
135 708 1
62 698 1
209 710 1
183 706 1
359 716 1
364 802 1
334 801 1
334 743 1
375 738 1
128 745 1
107 776 1
71 761 1
18 760 1
12 810 1
76 798 1
109 821 1
85 821 1
139 814 1
137 780 1
194 750 1
206 783 1
354 782 1
367 876 1
396 903 1
129 881 1
70 873 1
29 879 1
26 858 1
52 860 1
195 851 1
142 846 1
157 926 1
78 920 1
118 912 1
119 935 1
136 961 1
196 1065 1
176 1044 1
157 1017 1
178 993 1
151 987 1
309 1182 1
241 1107 1
327 1138 1
361 1157 1
407 1145 1
423 1179 1
361 1096 1
388 1094 1
410 1048 1
298 1014 1
230 1032 1
223 1056 1
318 905 1
364 931 1
441 1009 1
461 916 1
489 937 1
540 884 1
526 916 1
515 948 1
582 992 1
569 1014 1
565 933 1
574 889 1
594 907 1
595 936 1
625 930 1
632 953 1
657 908 1
637 883 1
623 807 1
644 817 1
704 962 1
710 927 1
748 911 1
766 935 1
838 967 1
820 911 1
868 865 1
504 1162 1
617 1167 1
730 1166 1
704 1189 1
841 1185 1
872 1182 1
770 1080 1
611 1048 1
552 1079 1
532 1133 1
648 1025 1
197 1124 1
280 1101 1
311 1108 1
455 963 1
427 911 1
280 671 1
525 1014 1
283 985 1
858 1025 1
834 943 1
615 775 1
633 755 1
564 687 1
612 658 1
534 663 1
506 615 1
531 623 1
544 642 1
576 622 1
480 645 1
528 589 1
585 564 1
620 572 1
631 599 1
660 575 1
652 507 1
620 852 1
822 832 1
796 694 1
675 722 1
768 816 1
789 783 1
799 735 1
671 656 1
750 600 1
747 633 1
772 653 1
691 493 1
702 468 1
723 428 1
752 472 1
714 503 1
713 538 1
736 527 1
744 555 1
805 595 1
813 568 1
848 543 1
752 335 1
1021 1191 1
1072 1168 1
1185 1025 1
916 1024 1
945 1004 1
990 1009 1
1192 1127 1
971 981 1
1013 951 1
964 881 1
888 892 1
1156 978 1
1171 1057 1
1159 1099 1
1084 1074 1
1087 1017 1
1167 832 1
1160 804 1
938 670 1
977 711 1
1000 706 1
1040 706 1
1047 682 1
1070 697 1
1042 637 1
1023 659 1
956 612 1
798 633 1
957 729 1
1038 759 1
1052 784 1
1071 779 1
1109 760 1
1126 794 1
1169 759 1
1147 660 1
1164 1007 1
956 910 1
924 555 1
960 577 1
1004 524 1
972 541 1
1009 570 1
1039 580 1
1098 604 1
1160 572 1
1180 603 1
1145 485 1
1091 472 1
1104 449 1
1118 422 1
1108 400 1
1084 398 1
1098 369 1
1118 342 1
1143 326 1
1176 327 1
1131 295 1
1058 320 1
1164 304 1
1153 256 1
1105 251 1
1090 181 1
1014 219 1
910 47 1
907 117 1
937 140 1
947 72 1
958 126 1
931 87 1
1068 863 1
1083 899 1
1036 929 1
982 954 1
1103 119 1
1050 120 1
906 161 1
670 1042 1
339 205 3
290 161 3
56 366 3
68 156 3
91 159 3
72 208 3
108 486 3
331 400 3
121 281 3
482 149 3
410 160 3
566 112 3
777 137 3
789 128 3
826 187 3
442 243 3
382 402 3
527 479 3
556 502 3
581 510 3
306 673 3
317 694 3
112 571 3
70 600 3
66 627 3
281 587 3
249 710 3
265 710 3
30 732 3
93 904 3
115 846 3
94 871 3
75 848 3
57 834 3
43 786 3
103 948 3
132 993 3
142 1077 3
142 1039 3
125 1108 3
121 1125 3
191 915 3
183 886 3
190 870 3
262 1127 3
294 1151 3
447 1104 3
367 1125 3
859 1096 3
848 1161 3
772 1189 3
611 881 3
666 881 3
792 546 3
770 574 3
848 585 3
867 811 3
880 735 3
563 655 3
477 197 3
229 26 3
447 87 3
456 70 3
672 604 3
923 989 3
1051 1045 3
1128 998 3
1000 880 3
1010 141 3
988 142 3
912 80 3
120 513 3
920 594 3
94 646 3
441 284 3
1140 749 3
389 1181 3
256 933 3
272 938 3
240 953 3
996 666 3
